9.084
7.92
10.464
8.736
7.2
7.724
6.32
9.872
6.092
9.028
8.604
6.756
8.52
6.624
5.448
8.12
7.212
7.012
6.104
6.968
6.08
4.764
3.532
10.16
7.64
6.592
5.616
5.84
5.596
6.688
7.844
6.312
7.056
10.864
7.92
9.704
5.404
7.448
8.228
4.96
10.972
5.784
11.016
8.98
7.808
8.128
8.112
9.66
5.452
10.408
6.24
7.412
7.428
8.736
9.652
4.28
6.936
9.164
7.244
9.068
7.804
9.468
8.144
10.22
9.056
7.116
6.296
10.872
8.104
4.548
7.412
4.956
6.812
7.836
4.668
8.988
9.62
4.188
4.748
8.388
6.396
7.036
8.332
7.864
9.984
8.36
6.148
6.904
7.404
7.032
8.104
8.84
9.7
7.58
8.68
7.732
8.308
6.972
5.024
8.344
8.896
6.584
5.88
5.952
6.18
8.604
5.256
7.036
8.296
5.876
10.152
10.88
9.764
4.856
4.112
6.48
6.98
6.428
6.008
7.088
4.264
5.94
7.728
8.296
5.508
4.812
7.476
7.088
8.84
7.88
5.772
7.008
6.824
6.648
3.7
6.292
9.044
8.316
6.532
7.148
3.96
6.144
10.124
7.12
7.716
8.736
7.688
7.992
5.056
9.172
10.44
9.164
6.644
3.92
8.128
5.48
6.34
5.68
7.88
9.052
9.612
6.792
7.62
4.664
8.156
4.744
7.608
7.896
5.1
7.812
8.232
7.904
6.668
7.804
4.352
4.472
7.288
2.6
6.904
11.052
9.42
6.468
7.632
6.092
4.48
8.272
7.776
6.56
7.756
4.632
7.608
5.728
6.384
7.824
7.388
8.036
6.48
6.704
4.748
6.432
8.356
6.68
5.548
7.388
6.924
10.116
6.56
5.804
7.84
9.204
6.292
6.804
7.784
9.712
7.276
10.208
6.692
6.72
10.196
7.852
7.9
9.456
4.996
6.556
9.088
10.092
8.928
9.392
10.464
8.096
5.912
8.012
7.708
7.232
7.468
11.396
5.944
8.544
8.052
4.652
10.312
5.744
6.74
5.904
9.284
9.984
5.692
8.468
8.068
9.236
6.404
8.152
6.764
9.96
7.48
8.064
6.18
10.388
8.596
4.656
8.256
4.252
9.468
3.76
8.988
4.74
5.864
6.304
7.912
5.088
5.848
9.704
6.608
9.408
8.368
6.748
10.464
8.284
7.756
5.704
6.912
7.476
6.216
4.984
5.512
6.332
9.264
9.48
5.64
9.132
8.356
8.368
6.816
8.284
9.852
8.112
10.132
4.536
5.024
10.904
6.836
7.76
6.628
6.58
6.728
8.556
6.016
7.82
5.032
6.868
4.916
5.432
6.78
9.216
5.264
7.676
8.416
7.212
5.316
10.012
7.092
5.032
10.144
6.788
7.82
7.78
9.592
7.08
6.512
9.34
7.056
4.364
5.636
6.292
4.144
9.596
1.356
7.396
7.58
8.78
6.336
7.072
6.48
5.956
7.1
11.024
6.48
4.736
8.108
9.712
7.684
8.404
7.24
5.352
5.788
7.788
8.476
6.804
7.852
8.12
9.84
8.896
5.752
10.344
9.888
8.96
8.688
6.508
5.952
6.3
7.328
8.788
4.808
9.028
6.548
8.216
9.544
8.472
5.44
6.888
11.48
8.456
7.432
10.22
9.42
6.008
6.78
8.6
6.844
11.312
8.604
6.04
10.724
7.184
8.932
6.184
7.444
8.74
7.976
7.016
7.876
7.78
3.024
6.36
3.844
7.212
8.112
7.412
7.352
9.532
9.544
11.76
7.336
6.668
7.656
5.592
6.708
7.116
6.148
8.652
6.792
6.412
6.276
9.204
7.188
6.564
7.984
6.128
6.548
6.624
4.352
5.388
6.096
5.82
7.668
7.788
7.24
6.2
8.148
8.968
7.204
6.676
7.996
7.224
7.192
5.432
9.36
10.108
9.224
7.424
4.196
8.688
7.836
7.504
9.6
9.732
4.3
6.76
8.224
6.472
6.884
9.944
8.616
9.74
9.728
10.28
8.164
9.608
7.816
6.352
3.92
3.192
5.392
9.236
6.252
5.6
7.488
7.196
8.916
6.16
5.52
8.552
7.592
4.832
7.868
7.74
5.828
4.808
7.352
6.948
6.136
5.52
6.8
8.188
7.512
6.964
6.904
8.008
7.512
10.184
4.78
5.66
8.088
7.728
9.796
4.376
7.904
8.9
4.4
9.436
7.34
6.556
8.068
4.552
7.588
6.644
10.44
6.1
3.66
9.884
6.464
3.976
4.04
5.56
5.984
6.46
7.104
8.292
6.376
7.124
7.092
7.628
8.204
6.16
8.476
9.576
8.784
5.424
6.904
5.612
11.368
7.12
8.412
10.032
7.54
5.64
11.432
9.2
8.94
5.044
8.86
5.092
5.536
6.988
7.28
5.652
6.204
8.092
3.084
10.528
9.344
4.968
4.332
2.776
8.92
9.152
7.48
7.816
9.728
8.836
6.04
4.996
8.78
6.1
5.832
8.192
8.02
7.992
7.788
7.436
6.168
4.308
8.108
8.2
9.396
6.12
9.836
7.272
6.228
6.28
3.588
8.292
5.952
7.68
4.344
8.696
7.78
7.92
5.892
4.848
11.8
8.032
7.224
7.912
7.548
4.132
8.612
8.384
9.856
9.536
8.004
7.836
7.904
8.112
5.984
6.14
9.78
6.408
2.788
9.232
8.74
7.576
7.14
9.516
7.148
10.452
3.556
5.98
6.624
4.936
4.552
7.604
11.1
7.124
5.44
8.516
5.464
7.644
7.244
5.088
6.384
7.612
6.656
7.588
6.028
7.232
5.452
5.812
5.156
9.056
6.656
3.628
8.64
6.848
6.892
8.504
6.416
9.816
5.896
6.18
8.656
8.924
8.448
8.492
8.2
4.172
5.936
8.416
5.364
6.184
6.684
4.872
6.708
7.244
7.768
9.044
8.224
7.832
8.336
10.848
5.528
5.684
7.104
12.408
10.168
7.868
4.896
7.408
5.38
6.568
5.6
5.184
7.696
7.844
4.392
7.56
7.336
8.988
7.612
10.208
9.22
6.664
9.224
8.572
8.596
11.008
9.036
7.72
9.6
8.716
5.836
7.228
8.588
5.268
10.128
10.28
4.44
9.36
11.508
5.244
5.424
6.372
7.884
4.148
4.444
9.84
8.38
4.748
3.424
8.604
3.4
4.96
9.616
6.488
9.88
7.476
8.104
7.18
7.604
6.872
5.768
8.748
7.776
6.296
7.66
6.748
5.72
3.84
3.964
10.452
9.312
9.676
6.396
6.824
9.02
8.504
9.424
8.84
8.264
7.884
5.388
7.44
9.424
5.588
5.824
5.712
7.764
7.656
5.988
2.396
4.42
9.288
2.884
5.144
7.404
3.704
3.12
7.58
5.52
4.376
9.736
5.932
7.192
8.22
7.532
6.6
7.336
10.66
8.968
10.372
9.592
6.288
8.576
2.68
9.224
8.54
6.656
6.408
6.572
9.7
9.26
9.872
6.316
6.884
4.448
10.252
9.004
5.6
9.412
6.532
5.652
6.7
7.44
6.204
3.704
6.38
5.428
7.176
7.892
6.356
7.46
9.32
6.248
6.836
8.132
5.472
5.636
7.412
6.676
6.252
5.48
8.604
9.244
8.052
7.612
8.204
5.696
6.6
7.432
9.456
6.448
7.68
5.712
6.436
9.772
5.368
6.468
6.024
6.912
7.408
9.048
9.776
11.12
7.524
9.524
6.208
6.736
8.2
7.316
9.02
9.08
4.372
11.248
5.02
6.72
6.7
4.812
7.376
7.044
6.46
8.728
6.492
7.352
8.8
8.816
5.676
5.088
6.976
4.42
5.352
5.992
8.024
7.236
6.88
6.488
7.984
4.664
6.432
7.556
10.864
11.168
5.876
12.216
7.936
5.056
6.976
5.748
9.748
7.104
5.316
3.3
7.448
7.824
8.468
7.656
4.268
6.336
9.028
2.612
8.692
8.396
9.484
6.564
4.348
7.48
6.672
9.156
7.768
8.364
8.02
6.964
5.844
9.756
6.576
7.324
6.984
6.424
7.88
7.224
11.14
6.568
6.112
4.472
7.228
8.212
6.492
7.032
8.14
5.332
7.32
5.752
7.704
7.356
6.4
4.388
8.144
5.748
8.968
7.648
4.112
9.48
5.972
6.776
6.992
9.208
9.572
8.696
7.032
5.016
8.46
7.192
9.012
8.588
8.212
5.556
11.56
4.776
8.068
9.048
5.556
7.388
5.776
6.132
5.788
7.096
6.216
6.888
8.484
9.652
5.092
7.636
7.616
7.824
8.8
8.444
9.344
5.064
7.4
1.596
8.436
6.836
6.072
7.7
7.348
10.404
7.88
8.512
8.608
8.928
7.628
9.88
8.748
5.976
5.96
5.516
9.632
4.216
6.312
8.06
7.6
7.432
4.896
8.884
4.02
10.864
7.604
8.212
7.512
8.652
5.568
8.4
8.392
5.824
6.808
11.92
5.688
8.844
9.532
5.808
5.36
6.672
3.5
8.248
11.868
5.696
4.188
8.584
8.148
6.624
2.088
10.78
9.828
7.864
9.556
7.12
7.044
9.124
5.028
4.112
3.592
7.752
7.012
4.888
4.632
6.892
6.064
8.256
8.956
8.48
7.9
7.38
10.708
5.26
11.472
9.252
7.092
0.999999999999996
7.4
7.828
8.988
8.852
5.908
6.352
8.22
8.92
6.072
6.048
6.872
7.924
10.908
6.392
6.068
7.572
7.16
6.956
6.056
7.94
8.676
6.096
4.716
7.68
8.884
6.388
7.768
7.276
9.164
2.48
7.188
5.016
7.76
6.96
7.92
7.512
9.392
7.092
6.428
4.568
8.7
7.04
3.896
5.836
7.224
5.644
9.728
7.252
6.368
7.688
10.468
8.012
5.224
7.1
7.536
4.556
7.168
6.168
8.52
7.372
8.172
8.472
8.984
6.292
7.336
7.424
7.036
6.632
5.772
5.936
3.84
9.628
8.376
7.848
10.488
6.388
10.756
9.616
6.756
5.76
10.296
5.692
8.112
7.908
7.012
7.884
6.984
5.452
12.696
7.732
8.356
5.664
8.164
5.628
6.252
10.336
9.584
6.356
5.588
6.144
6.06
5.748
6.848
7.864
5.496
5.952
6.024
4.296
8.152
7.396
6.54
8.344
7.82
7.968
8.972
5.78
7.004
7.208
9.356
4.604
7.58
9.956
8.2
4.416
9.288
5.736
8.196
7.56
8.82
9.136
6.104
6.34
5.1
9.608
10.856
5.768
10.812
6.652
10.472
8.424
7.824
5.228
5.268
12.824
8.696
6.236
5.364
5.92
4.088
5.668
3.804
6.88
3.66
5.824
7.424
7.52
6.624
5.936
9.808
7.144
9.54
11.188
8.96
6.432
9.904
8.016
3.416
3.952
6.484
11.008
7.364
4.492
8.28
7.224
3.42
11.052
6.072
4.236
6.504
3.988
6.584
9.204
8.144
6.552
9.336
4.872
6.108
3.608
6.984
6.06
9.276
4.892
10.508
6.044
7.084
6.468
8.784
7.516
4.408
5.116
10.28
8.552
9.26
4.984
8.696
4.772
4.604
6.568
7.892
3.384
2.616
4.676
8.34
8.368
9.12
9.636
5.592
8.264
8.344
5.892
5.088
5
7.116
7.16
5.244
7.136
5.952
7.32
6.172
5.332
7.056
7.316
8.304
7.004
8.608
7.112
7.32
8.848
6.904
5.504
3.624
4.64
6.584
8.636
7.448
8.604
8.36
6.716
7.376
10.088
8.24
6.088
9.48
8.724
8.38
8.22
8.092
7.076
10.132
7.96
8.56
4.464
9.752
4.828
5.832
7.564
7.012
7.608
9.824
8.372
6.328
7.408
7.928
7.448
11.652
4.852
6.004
9.832
7.532
8.312
5.46
4.068
9.168
4.636
7.32
6.684
8.7
8.648
9.568
1.924
9.912
7.676
5.576
8.836
5.94
7.996
4.376
4.096
7.892
7.356
7.184
6.428
6.156
6.128
6.844
8.204
8.328
8.276
6.088
8.584
7.468
6.204
9.644
5.908
7.708
5.396
4.744
8.312
5.064
10.488
5.524
3.188
6.396
8.648
8.756
3.844
6.216
4.192
8.444
8.044
6.572
7.404
9.252
2.376
5.572
3.664
8.78
6.224
5.292
9.124
7.128
3.188
5.992
9.632
7.004
7.024
6.328
7.12
5.492
6.8
6.376
7.76
6.908
6.56
4.888
7.224
8.756
8.34
7.832
8.484
5.592
8.324
9.468
6.54
4.284
5.344
8.824
9.764
5.024
6.996
5.612
6.12
3.744
7.176
8.584
9.984
4.428
9.42
7.484
6.132
3.532
8.148
5.24
6.912
8.636
5.964
4.492
5.188
8.424
7.248
9.272
6.58
8.132
6.548
3.564
7.512
8.972
6.06
1.512
8.896
6.716
5.424
7.592
6.296
7.976
5.212
7.288
3.656
5.624
9.076
5.892
7.932
7.764
6.948
5.404
8.532
12.644
6.904
3.656
5.588
5.108
6.492
5.836
4.196
8.852
8.404
7.808
7.536
8.12
3.14
6.624
5.424
5.056
6.808
9.488
6.688
7.392
7.556
8.672
7.412
6.892
5.496
8.904
9.84
7.724
8.896
8.404
7.648
5.116
5.916
7.22
4.448
5.044
4.896
7.804
7.492
7.816
7.976
1.596
5.364
5.964
5.904
7.644
7.42
10.472
7.448
8.564
7.768
11.816
5.404
6.528
10.148
8.104
6.704
9.072
5.876
10.448
7.924
5.26
8.424
5.136
6.912
6.744
7.604
7.48
6.536
6.164
5.788
8.568
6.076
10.924
8.008
7.496
6.204
6.664
8.572
6.072
9.12
9.948
7.16
11.364
7.228
4.532
8.376
9.012
6.9
6.028
5.628
6.504
2.284
5.76
5.328
9.012
7.868
6.552
5.024
8.636
2.796
6.536
9.052
8.572
2.868
5.36
8.724
4.892
4.632
5.696
6.464
10.796
7.776
3.824
6.168
6.276
7.62
6.684
9.724
7.836
6.824
3.916
9.008
10.664
6.676
4.46
6.792
5.012
8.324
7.84
6.796
7.604
5.796
7.212
10.06
6.1
8.548
3.212
9.596
8.952
5.388
7.288
6.784
7.012
8.128
7.476
7.228
5.476
6.944
5.876
3
9.148
5.288
7.888
5.92
10.152
6.328
3.916
5.92
4.652
7.656
8.764
9.172
10.524
8.036
9.016
5.876
9.336
6.896
7.592
8.404
9.224
6.14
7.048
9.016
7.896
8.796
10.752
6.488
9.276
8.388
8.896
5.5
6.916
4.884
8.476
5.164
10.06
8.3
5.044
8.9
9.948
7.22
7.404
9.156
9.672
4.76
4.844
3.952
7.172
8.424
6.096
6.4
6.472
8.128
4.144
2.548
8.344
7.116
6
6.964
6.912
6.888
4.572
3.472
4.416
7.124
6.672
4.948
8.844
8.408
10.136
3.504
4.484
9.6
3.648
8.248
5.772
7.56
8.244
10.092
7.972
6.628
7.112
8.26
6.444
7.388
3.656
7.956
6.504
2.824
8.676
7.268
8.676
5.184
9.592
10.456
5.944
6.564
7.5
6.892
6.6
5.804
7.996
8.432
7.728
5.284
4.204
7.908
5.472
6.976
9.992
7
6.708
6.08
6.668
7.76
7.216
8.4
4.496
6.576
10.756
7.184
5.356
4.588
6.472
10.384
9.46
5.104
5.872
7.816
6.748
5.82
9.652
5.164
10.412
4.636
5.704
5.964
7.156
5.056
9.78
11.208
6.644
3.968
8.84
6.052
10.076
4.892
9.976
5.136
7.264
8.732
10.576
6.54
8.088
4.232
7.972
6.668
6.604
5.74
7.068
8.988
9.004
9.616
6.724
5.86
5.568
5.988
7.516
6.304
4.756
8.788
9.228
5.072
8.052
6.636
6.052
8.212
5.464
8.824
8.032
9.408
3.676
6.088
8.088
7.72
5.196
6.14
5.064
2.648
6.816
10.264
7.312
5.876
6.036
7.612
5.212
7.34
10.564
9.804
7.648
8.236
4.964
8.444
6.632
7.424
3.68
5.284
6.612
4.328
5.608
6.7
3.804
9.708
4.58
6.784
8.076
10.716
9.064
1.972
5.58
8.672
6.316
9.372
7.596
8.736
7.548
8.54
4.832
3.692
7.144
6.904
8.68
13.18
6.38
6.664
6.72
5.28
5.088
4.748
8.42
5.436
8.98
6.756
11.16
3.62
10.784
6.84
7.44
3.064
4.82
7.324
4.652
8.076
8.76
4.144
7.176
3.732
7.24
3.636
6.848
4.536
8.988
5.516
10.036
6.836
6.852
6.236
10.968
9.24
7.472
11.308
8.788
5.76
10.664
10.768
8.8
10.548
8.368
6.976
6.336
6.368
8.672
8.864
7.836
7.148
5.852
9.308
10.184
10.504
7.076
9.908
7.452
6.688
9.02
6.5
10.34
10.424
7.544
4.872
8.516
6.944
7.8
9.436
7.98
8.56
4.732
9.604
8.088
6.872
7.484
10.296
6.12
9.784
6.456
4.06
5.904
7.616
6.964
8.28
5.956
7.276
8.996
6.296
6.488
11.716
6.124
6.404
6.516
11.216
3.228
7.316
9.2
7.264
4.164
7.28
5.824
4.78
8.088
8.184
7.228
7.828
7.696
5.68
6.432
6.532
6.152
5.968
6.492
5.348
6.772
9.624
5.336
5.884
6.4
10.532
5.216
6.96
6.176
5.168
9.196
7.292
6.512
4.968
9.108
